"term","estimate","std.error","statistic","p.value","conf.low","conf.high"
"(Intercept)",203.12948737942983,2.94177767316561e-4,476789024974.09436,0,203.12891080160085,203.1300639572588
"PM25_wk_avg",-1.6104620070177151,1.3255339860966726e-6,1476111734463.4985,0,-1.6104646050165883,-1.610459409018842
"month9",-97.52078224737741,1.576941657958683e-4,382439815840.3853,0,-97.52109132226295,-97.52047317249188
"month10",-102.39496783404888,2.608793540482924e-4,154055712493.4797,0,-102.39547914818714,-102.39445651991063
"month11",-89.02451518751415,2.2094946435842103e-4,162342910738.20358,0,-89.0249482405067,-89.0240821345216
"month12",-24.419774740739566,5.830565090846766e-6,17541309480838.371,0,-24.419786168437152,-24.41976331304198
"pop_density_new",114.51798330305527,2.4207133174250882e-4,223800299730.6027,0,114.51750885196337,114.51845775414718
"P0020002",293.62465603334397,0.0048904257882037274,3604887336.2935314,0,293.61507097493,293.63424109175793
"P0020003",26985.36769233882,0.13609027086195108,39319005354.114494,0,26985.100960309283,26985.634424368356
"P0020005",-14092.125025230867,0.07692393784960294,33560618697.71634,0,-14092.275793378602,-14091.974257083133
"P0020006",-3578.3646609044995,0.025220059020342134,20131539856.128223,0,-3578.414091311867,-3578.315230497132
"P0020007",72.09906789833458,5.825882548883234e-5,1531566472076.6091,0,72.09895371313485,72.09918208353432
"P0020008",-7643.871026621627,0.039606208369026175,37247760436.97841,0,-7643.9486533635945,-7643.793399879659
"P0020009",-270.1728267006194,0.0011323131813456224,56931182864.871635,0,-270.1750459936741,-270.1706074075647
"P0020010",-1483.5884643166744,0.006686214244511629,49234135740.58473,0,-1483.6015690557865,-1483.5753595775623
