"term","estimate","std.error","statistic","p.value","conf.low","conf.high"
"(Intercept)",2.3905752818691695,1.0220634950134105e-11,5470778047172878e7,0,2.3905752818491375,2.3905752818892014
"PM25_wk_avg",0.0010909198611493002,2.8302195300839627e-13,1485749011713315e4,0,0.0010909198605945874,0.001090919861704013
"month9",-2.5728300897456875,8.32928762664006e-11,9541276766719813e5,0,-2.5728300899089387,-2.5728300895824363
"month10",-2.9522650665423753,1.9714291066768065e-11,22425821793101957e6,0,-2.9522650665810146,-2.952265066503736
"month11",-2.66170761851782,8.182048603010201e-11,10582702450138477e5,0,-2.661707618678185,-2.661707618357455
"month12",-1.531237322586524,8.617395161338878e-11,31574246501511155e4,0,-1.5312373227554217,-1.5312373224176261
"pop_density_new",-0.35353302477149,3.764205674282526e-10,882090790754544900,0,-0.35353302550926075,-0.3535330240337193
"P0020002",26.50184339522862,1.165294534845893e-10,5172264756633004e7,0,26.501843395000225,26.501843395457012
"P0020003",294.17289409496664,1.2944323213415787e-7,5164717949374253e3,0,294.1728938412626,294.1728943486707
"P0020005",-131.82848782513344,6.821117549331683e-8,3735145061290829e3,0,-131.8284879588249,-131.82848769144198
"P0020006",-31.539359584183135,2.2292330059750228e-8,2001680747340133600,0,-31.5393596278753,-31.53935954049097
"P0020007",-4.210969830810758,7.433037577708632e-10,32094573083856163e3,0,-4.210969832267607,-4.2109698293539095
"P0020008",-81.72239444445964,3.787579695101084e-8,4655417195414992e3,0,-81.72239451869484,-81.72239437022444
"P0020009",-3.06008080255625,1.5260857127060103e-9,4020758009153717e3,0,-3.060080805547323,-3.060080799565177
"P0020010",-49.3915542757941,4.657136838711607e-10,11247794893554499e6,0,-49.391554276706884,-49.391554274881315
