"term","estimate","std.error","statistic","p.value","conf.low","conf.high"
"(Intercept)",24.094208847503385,1.5752883114232016e-8,2339404062738291e3,0,24.094208816628303,24.094208878378467
"PM25_wk_avg",0.07847769146456733,6.195356297320194e-11,1604574413103593500,0,0.07847769134314057,0.07847769158599409
"month9",-48.53958341137661,6.68901072535723e-9,5265847828306722e4,0,-48.53958342448683,-48.539583398266394
"month10",-59.3873846273619,2.7483555907887556e-8,4669200836447896e3,0,-59.387384681228674,-59.38738457349512
"month11",174.30602481528405,6.11805595925242e-8,8117044131914083e3,0,174.30602469537234,174.30602493519575
"month12",195.03991333025886,4.9235568008055673e-8,15692389727734086e3,0,195.0399132337589,195.0399134267588
"pop_density_new",-9.948892573412152,5.802859141141679e-7,293944558996233.2,0,-9.948893710751644,-9.94889143607266
"P0020002",1237.7346979233148,1.7872978191298996e-7,47958024018749964e3,0,1237.7346975730109,1237.7346982736187
"P0020003",30141.763403889756,1.8302962460663656e-5,2712030286170098e3,0,30141.763368016607,30141.763439762904
"P0020005",-16561.97972282191,9.443168260179077e-6,3076019193307031600,0,-16561.97974133018,-16561.979704313642
"P0020006",-5718.309861395993,3.240804767517391e-6,311336208303211e4,0,-5718.309867747854,-5718.309855044132
"P0020007",90.48689914648662,5.4615135020782836e-08,2745019211842382e3,0,90.48689903944292,90.48689925353032
"P0020008",-8918.689774314042,5.31625268482793e-6,2814432812753808400,0,-8918.689784733706,-8918.689763894377
"P0020009",-127.96417307190181,1.876816798738988e-7,464871610733054100,0,-127.96417343975115,-127.96417270405247
"P0020010",782.0179100037257,1.2796489810693044e-7,37346653182139105e3,0,782.0179097529191,782.0179102545322
