"term","estimate","std.error","statistic","p.value","conf.low","conf.high"
"(Intercept)",17.376947126950935,7.015117968450817e-10,6135882042507583e5,0,17.376947125575995,17.376947128325874
"PM25_wk_avg",0.038491025706330596,2.3543920444654875e-11,2672768876155959e3,0,0.03849102566018536,0.03849102575247583
"month9",-23.217697696761647,1.2585717794015107e-8,3403159667211826e3,0,-23.2176977214292,-23.217697672094094
"month10",-36.1498740885716,1.2372016511516033e-8,8537536945493036e3,0,-36.14987411282031,-36.149874064322894
"month11",-14.091913870456901,1.8974669650848056e-8,551558412715680700,0,-14.091913907646571,-14.091913833267231
"month12",16.65916206293208,6.465752138756021e-9,6638473132663561e3,0,16.65916205025944,16.65916207560472
"pop_density_new",24.667235390886244,1.8259872202868536e-7,18249269676827832,0,24.667235032999326,24.667235748773162
"P0020002",1132.1431896115987,3.2111691239266446e-8,12430149675758164e5,0,1132.143189548661,1132.1431896745364
"P0020003",-9278.407914254854,2.9247651935025488e-5,100638675465741020,0,-9278.4079715792,-9278.40785693051
"P0020005",4875.148273647955,1.567326807556961e-5,96751238758736530,0,4875.1482429289135,4875.148304366996
"P0020006",1578.8229450317485,4.689511441965788e-6,113347425181882340,0,1578.822935840475,1578.822954223022
"P0020007",213.26680944785033,9.423149218643679e-8,5122174937562435e3,0,213.26680926316,213.26680963254066
"P0020008",2835.8005593625867,8.475226298243781e-6,1.1195635777012299e+17,0,2835.8005427514486,2835.800575973725
"P0020009",235.30883672998885,4.0334749276461265e-7,340343726999816060,0,235.3088359394423,235.3088375205354
"P0020010",-642.4196264353706,7.671088511944063e-8,701331932611236e5,0,-642.4196265857212,-642.41962628502
