"term","estimate","std.error","statistic","p.value","conf.low","conf.high"
"(Intercept)",45.79420678779967,1.018840343656174e-8,20202672072821133e3,0,45.79420676783077,45.794206807768575
"PM25_wk_avg",0.06050108004836441,6.371305250994038e-11,901715281424028e3,0,0.06050107992348912,0.0605010801732397
"month9",-66.13347260270038,5.8408164292042975e-9,12820221870849653e4,0,-66.13347261414818,-66.13347259125258
"month10",-82.36584807544929,3.0697594953666915e-11,7199223329412522e9,0,-82.36584807550946,-82.36584807538912
"month11",111.62411259354228,2.6859134704141337e-8,1727157743285426e4,0,111.62411254089935,111.62411264618521
"month12",79.6824804731655,7.772007525065707e-9,10511368586619078e4,0,79.68248045793264,79.68248048839835
"pop_density_new",34.92720472916326,2.2367862755277862e-7,24382525161777288,0,34.9272042907612,34.92720516756531
"P0020002",1488.886306503012,4.664351413225952e-7,10189210763276691e3,0,1488.886305588816,1488.8863074172082
"P0020003",32517.62371691914,1.3379101085229742e-5,5907227984287475e3,0,32517.623690696586,32517.623743141696
"P0020005",-17827.423847150603,6.910144864706554e-6,6655840037472025e3,0,-17827.423860694238,-17827.42383360697
"P0020006",-6025.806544296915,2.243256688936655e-6,7215599614215702e3,0,-6025.806548693617,-6025.806539900213
"P0020007",115.79935727589626,1.0103907770462726e-7,1313510507461403e3,0,115.7993570778633,115.7993574739292
"P0020008",-9420.814641101751,3.821918637737898e-6,6075947925427164e3,0,-9420.814648592574,-9420.81463361093
"P0020009",-65.85377507427451,8.913630734203793e-8,545823305068031900,0,-65.85377524897847,-65.85377489957055
"P0020010",37.91809170231165,6.796181305182862e-7,3112884683627447.5,0,37.91809037028459,37.91809303433871
