"term","estimate","std.error","statistic","p.value","conf.low","conf.high"
"(Intercept)",5.186269683017467,1.057895156862041e-8,240339378823824930,0,5.186269662283102,5.186269703751831
"PM25_wk_avg",0.0053755621535902754,8.258240778364597e-12,423713882260052500,0,0.005375562137404421,0.00537556216977613
"month9",-5.852636423146461,7.369894758647134e-9,630638555907488500,0,-5.8526364375911895,-5.852636408701733
"month10",-10.63084064374316,6.531545830272689e-9,2649129928962175e3,0,-10.630840656544754,-10.630840630941565
"month11",-11.678370365410608,4.0722040298833216e-8,82244228270465020,0,-11.67837044522434,-11.678370285596875
"month12",-13.85640995259953,1.0569122655650367e-8,1718792981754974200,0,-13.856409973314628,-13.85640993188443
"pop_density_new",12.565333908869004,2.1351764608134916e-7,3463223517940930,0,12.565333490382107,12.5653343273559
"P0020002",391.4336296134793,7.775604613878483e-8,25342411128951067e3,0,391.4336294610803,391.4336297658783
"P0020003",-1719.8251367646078,1.9566700033701432e-5,7725621201807452,0,-1719.8251751146352,-1719.8250984145805
"P0020005",950.2717407979537,1.0428357596534866e-5,8303549877163830,0,950.2717203587484,950.271761237159
"P0020006",375.5435495155386,2.787327865224377e-6,18152836687103280,0,375.54354405247636,375.5435549786008
"P0020007",44.79304971060001,5.233072597009947e-8,732668879511989600,0,44.79304960803367,44.79304981316635
"P0020008",559.6321825536496,5.529439281025922e-6,10243377446889212,0,559.6321717161478,559.6321933911514
"P0020009",63.02450813853184,3.3382182950019717e-7,35644248610429344,0,63.02450748425308,63.02450879281061
"P0020010",-351.5965160224011,3.5504822292016837e-7,980650918503924100,0,-351.5965167182828,-351.59651532651935
