"term","estimate","std.error","statistic","p.value","conf.low","conf.high"
"(Intercept)",1085.0707194485858,2.01583591369805e-10,2897381828353413e10,0,1085.0707194481906,1085.070719448981
"PM25_wk_avg",-0.9187619250283693,5.722533810216439e-13,25776814340386406e8,0,-0.9187619250294908,-0.9187619250272477
"month9",-153.17651736343515,3.939510663773397e-11,15118190779063956e9,0,-153.17651736351237,-153.17651736335793
"month10",-297.44507628601195,4.3185742056672224e-11,4743870180150126e10,0,-297.4450762860966,-297.4450762859273
"month11",-434.66411022824093,5.737923056961662e-13,5738496542871438e14,0,-434.66411022824207,-434.6641102282398
"month12",-616.7505769444416,5.896822217648981e-11,1093913696098171e11,0,-616.7505769445572,-616.750576944326
"pop_density_new",1673.8279708924042,7.214579622546956e-10,5382692623744965e9,0,1673.8279708909902,1673.8279708938182
"P0020002",-3518.559953321703,7.50744210169063e-10,2196574450448286e10,0,-3518.5599533231743,-3518.559953320231
"P0020003",412014.1943194624,3.635469792214901e-7,1284408809534397e9,0,412014.1943187499,412014.1943201749
"P0020005",-225533.4973736168,1.9870931391442046e-7,1288207020046461e9,0,-225533.49737400626,-225533.49737322732
"P0020006",-66453.78356743671,6.186827587782757e-8,11537279090850809e8,0,-66453.78356755797,-66453.78356731545
"P0020007",1994.7874619308277,9.750556549131958e-11,4185375704095127e11,0,1994.7874619306367,1994.7874619310187
"P0020008",-119131.82719776148,1.0601756357058603e-7,12626993796643027e8,0,-119131.82719796927,-119131.82719755369
"P0020009",-3445.2608037924297,3.057782184718813e-9,12694953500511192e8,0,-3445.260803798423,-3445.2608037864366
"P0020010",-3895.0966728204426,2.5996386099339547e-9,22449699125010802e8,0,-3895.0966728255376,-3895.0966728153476
