"term","estimate","std.error","statistic","p.value","conf.low","conf.high"
"(Intercept)",3.0094024111484545,7.79253745941605e-5,1491429509.794558,0,3.009249680220768,3.009555142076141
"PM25_wk_avg",0.0071778434427393414,5.543912876269555e-7,167631321.98456684,0,0.00717675685578225,0.007178930029696433
"month9",-3.5058991177274024,2.1224092560691936e-4,272860435.685363,0,-3.5063151022976373,-3.5054831331571674
"month10",-3.4225228279591837,2.855735690674554e-4,143633812.560673,0,-3.4230825418694923,-3.421963114048875
"month11",-4.164933095974297,3.527718334113885e-4,139388920.4379245,0,-4.165624516062544,-4.164241675886051
"month12",-4.856196010236004,7.934605880119127e-4,37457750.8022002,0,-4.857751164411659,-4.854640856060349
"pop_density_new",1.1965419733083487,0.001573370511428146,578354.159103341,0,1.193458223771612,1.1996257228450853
"P0020002",40.43036362821325,0.011302451408904821,12795875.253852993,0,40.40821123051478,40.45251602591172
"P0020003",-1586.1224723750154,1.2229087129432328,1682229.9396148387,0,-1588.5193294087644,-1583.7256153412663
"P0020005",855.5074596656909,0.6480202492989136,1742891.8847117005,0,854.2373633158124,856.7775560155694
"P0020006",283.8059728312668,0.2105900105208077,1816216.1356805007,0,283.3932239951421,284.2187216673915
"P0020007",3.8180353917908203,0.001142853481130297,11160888.994035495,0,3.815795440128199,3.8202753434534418
"P0020008",466.8779700639172,0.3507229651313247,1772059.726842026,0,466.1905656837087,467.56537444412567
"P0020009",18.890529202200902,0.0074795975895082115,6378694.21191375,0,18.875869460306614,18.90518894409519
"P0020010",-41.423167751152285,0.04360512352831535,902425.9450515652,0,-41.508632222809204,-41.337703279495365
