"term","estimate","std.error","statistic","p.value","conf.low","conf.high"
"(Intercept)",62.81891661616932,4.319441602162427e-6,211507450740444.94,0,62.81890815021934,62.81892508211929
"PM25_wk_avg",-0.17481590680174172,6.116235953901223e-9,816946152592079,0,-0.1748159187893439,-0.17481589481413953
"month9",-44.82668665637747,1.6364157702137718e-7,75038814880762430,0,-44.82668697710906,-44.826686335645874
"month10",-39.00173478827407,1.2084521279576623e-6,1041619131378586.8,0,-39.00173715679672,-39.00173241975142
"month11",-29.923009078646764,1.692737289133474e-6,312486605237147.1,0,-29.923012396350885,-29.923005760942644
"month12",-14.068417649576034,7.609561095198145e-7,341799394516979.7,0,-14.068419141022602,-14.068416158129466
"pop_density_new",22.830302216298254,7.745474001377234e-6,8688150192360.576,0,22.83028703544817,22.830317397148338
"P0020002",7.11924647446874,5.498844281285816e-5,16761976022.372124,0,7.119138699101261,7.11935424983622
"P0020003",4846.424200152344,6.770485699786808e-4,51239301284205.586,0,4846.422873161531,4846.4255271431575
"P0020005",-2485.150601828653,4.1570913076362275e-4,35737675215629.14,0,-2485.1514166035777,-2485.1497870537287
"P0020006",-554.7675228577502,1.5508814904371279e-4,12795723057600.566,0,-554.7678268249368,-554.7672188905636
"P0020007",5.585001994577472,9.988251567462958e-7,31265668644545.82,0,5.585000036916138,5.585003952238806
"P0020008",-1350.7523640561722,1.9678302199603684e-4,47116847087658.41,0,-1350.752749743808,-1350.7519783685364
"P0020009",-46.071335212677,2.355862217122721e-6,382438691518771.56,0,-46.071339830082096,-46.0713305952719
"P0020010",-411.7487842510451,9.53966739272937e-5,18629370717371.805,0,-411.74897122509026,-411.74859727699993
