"term","estimate","std.error","statistic","p.value","conf.low","conf.high"
"(Intercept)",117.52840507789819,4.5302488161357326e-9,6730410819870061e5,0,117.52840506901906,117.52840508677731
"PM25_wk_avg",-3.0941740198654704,5.914762160618003e-11,2736622534871676e6,0,-3.0941740199813976,-3.094174019749543
"month9",-59.7715885231019,6.163649284772094e-9,9404024627535297e4,0,-59.77158853518243,-59.77158851102136
"month10",-60.3962333723574,7.485754136129459e-9,6509514387969846e4,0,-60.396233387029206,-60.396233357685595
"month11",9.329155801699772,2.844608939173688e-9,10755721568922063e3,0,9.329155796124441,9.329155807275102
"month12",209.61748657536896,6.367006487735758e-9,10838880638913684e5,0,209.61748656288987,209.61748658784805
"pop_density_new",261.23168590612073,1.0628867247521013e-8,6040567487497982e5,0,261.2316858852885,261.23168592695293
"P0020002",3888.2902521626297,3.8394410293693293e-8,10256078824187095e6,0,3888.290252087378,3888.2902522378813
"P0020003",98430.17198464014,5.984337057871137e-6,2705355829218769e5,0,98430.17197291105,98430.17199636923
"P0020005",-51306.767417141025,3.177267342814702e-6,26076048955653072e4,0,-51306.76742336836,-51306.76741091369
"P0020006",-15532.848448894714,1.030949294990101e-6,2270009098590114e5,0,-15532.848450915339,-15532.84844687409
"P0020007",-400.74312774410515,3.328448871716236e-8,14496006886544015e4,0,-400.74312780934156,-400.74312767886875
"P0020008",-28334.21800663857,1.7253018440929853e-6,26970704399090152e4,0,-28334.2180100201,-28334.21800325704
"P0020009",-1103.8253535250014,6.492812692097714e-8,28902471492568406e4,0,-1103.8253536522582,-1103.8253533977447
"P0020010",-3472.0603180497465,8.622757000787114e-8,16213703541132144e5,0,-3472.060318218749,-3472.0603178807437
