"term","estimate","std.error","statistic","p.value","conf.low","conf.high"
"(Intercept)",3.509321543250442,3.0390376362684625e-5,13334421158.07965,0,3.5092619792072943,3.5093811072935894
"PM25_wk_avg",0.009114866100629103,4.929054805155659e-7,341958412.52567995,0,0.00911390002363951,0.009115832177618697
"month9",-4.279803721615383,1.8928668780948416e-4,511219675.506312,0,-4.2801747167062425,-4.279432726524523
"month10",-4.01808536316386,1.6697800630254082e-4,579054945.7625679,0,-4.0184126340424235,-4.0177580922852965
"month11",-4.928108213633836,2.0785443951132362e-4,562136598.6516535,0,-4.9285156008493045,-4.927700826418367
"month12",-5.252914260463208,2.5055363351323925e-4,439540819.8390692,0,-5.25340533656109,-5.252423184365326
"pop_density_new",1.0829838774639704,8.886695018092716e-4,1485126.4425679925,0,1.0812421172462652,1.0847256376816756
"P0020002",27.686463569116118,0.0045357951577687395,37258735.056745045,0,27.67757357396564,27.695353564266597
"P0020003",-1950.809671580265,0.7084248733610174,7583019.934128725,0,-1952.198158817805,-1949.4211843427252
"P0020005",1056.9274707930658,0.3768843294336259,7864556.039379063,0,1056.1887910810383,1057.6661505050934
"P0020006",338.65347181659354,0.12279178227348173,7606282.627630258,0,338.41280434574,338.89413928744705
"P0020007",6.871436564198352,1.4298545868467332e-4,2309464746.776372,0,6.871156317849017,6.871716810547687
"P0020008",572.1701127471622,0.20374142535516382,7886633.464544954,0,571.7707868913072,572.5694386030171
"P0020009",20.864736708894693,0.004383357596079239,22657501.292857878,0,20.856145485875018,20.873327931914368
"P0020010",-34.08681211322261,0.021366205327025885,2545176.931853008,0,-34.128689106149864,-34.04493512029535
