"term","estimate","std.error","statistic","p.value","conf.low","conf.high"
"(Intercept)",2.7735081051494723,7.353693513385031e-7,14224854337275.756,0,2.7735066638520283,2.7735095464469164
"PM25_wk_avg",-0.01278506381725151,2.2105568639736205e-9,33450484933367.742,0,-0.01278506814986335,-0.012785059484639672
"month9",-1.0832655041330412,1.824723535216686e-8,3524322803297839,0,-1.0832655398969653,-1.0832654683691172
"month10",-1.0271985780644615,6.095131333527885e-7,2840159192864.792,0,-1.027199772688251,-1.027197383440672
"month11",-1.8410767324214852,8.473540198282526e-7,4720782488763.79,0,-1.8410783932048462,-1.8410750716381241
"month12",-1.3938176248643626,4.842908932126409e-7,8283221955798.135,0,-1.3938185740570712,-1.393816675671654
"pop_density_new",3.6660679650135153,6.069914914482243e-8,3647840303763053,0,3.6660678460453693,3.6660680839816613
"P0020002",8.894102568204987,1.611826066431843e-5,304486412422.4359,0,8.894070976994591,8.894134159415383
"P0020003",-510.81617246222703,4.4706927968648045e-5,130550824923888.92,0,-510.8162600861957,-510.81608483825835
"P0020005",282.91030056573703,3.3041697583320655e-5,73311619975112.625,0,282.91023580519976,282.9103653262743
"P0020006",114.92928877385076,8.996663417374609e-7,16319185996945608,0,114.92928701053712,114.92929053716439
"P0020007",0.767199201711299,4.2567303865922344e-7,3248358827692.446,0,0.767198367407474,0.7672000360151239
"P0020008",151.56678602086836,1.4559338279148983e-5,108373926704198.4,0,151.5667574850897,151.56681455664702
"P0020009",5.374699483358691,1.5440737949332755e-6,12116362775167.846,0,5.374696457029664,5.374702509687719
"P0020010",-39.86519041781605,1.2504163151532348e-5,10164322179494.404,0,-39.865214925525486,-39.86516591010662
