"term","estimate","std.error","statistic","p.value","conf.low","conf.high"
"(Intercept)",3.028719160111652,1.6571814365335933,1.8276328067293408,0.0693375084917313,-0.24231201363619892,6.299750333859503
"PM25_wk_avg",0.006967535633003091,0.016760260951033872,0.4157176104452773,0.6781348421347062,-0.02611474180648913,0.04004981307249531
"month9",-3.3986464130888163,1.5694578165051865,-2.165490768434161,0.03172742594324928,-6.496524129127685,-0.3007686970499477
"month10",-3.291875928564841,1.772923039247612,-1.8567506065925106,0.06505685189309668,-6.791363915930528,0.20761205880084654
"month11",-4.267346444347271,4.762240126699936,-0.8960796454639071,0.37146261961329974,-13.66730445008772,5.132611561393177
"month12",-4.743188667890157,4.120061742778921,-1.1512421327673956,0.251230477051174,-12.875581477325635,3.3892041415453207
"pop_density_new",1.8513613168642593,6.098230899588194,0.3035899012924026,0.7618072676506429,-10.185644974366316,13.888367608094836
"P0020002",45.24642898025222,56.270738160791524,0.8040845110466162,0.4224581025497579,-65.82368961748328,156.3165475779877
"P0020003",-1106.8162771273246,1854.3117359767919,-0.5968879210831772,0.5513670807136217,-4766.9535201042345,2553.320965849585
"P0020005",601.509654209711,997.1706465778484,0.6032163665005672,0.547159364603726,-1366.7577898942118,2569.777098313634
"P0020006",201.18900710928395,305.4078376250525,0.6587552194920504,0.5109338531076155,-401.64091576755095,804.0189299861188
"P0020007",3.375329997355349,16.086278418120045,0.2098266553408202,0.8340513018216069,-28.37660555734351,35.12726555205421
"P0020008",329.4072367002002,539.7538877100528,0.6102915499094145,0.542474206337362,-735.9871455493801,1394.8016189497805
"P0020009",16.05946381793117,18.48464432914687,0.8688002610149421,0.38616706553628244,-20.426491493489653,52.545419129352
"P0020010",-58.98171371209671,115.17170078839408,-0.5121198463541344,0.609224077293103,-286.3136251776402,168.35019775344676
