"term","estimate","std.error","statistic","p.value","conf.low","conf.high"
"(Intercept)",193.64283330695469,47.498827065151964,4.076791897226087,5.0211044669526634e-5,100.40613540321093,286.8795312106985
"PM25_wk_avg",-3.2876408645244575,2.5892619045976883,-1.2697212509428555,0.20455223202073622,-8.37017121125302,1.794889482204105
"month9",-193.6691472912687,55.95709042122128,-3.4610296181129034,5.665628595918022e-4,-303.5087929738792,-83.82950160865819
"month10",-231.7516071909576,50.104808073329835,-4.625336691276861,4.358734393668802e-6,-330.1036538099254,-133.3995605719898
"month11",-207.2804852797462,46.98132457641683,-4.411976187316664,1.1641955416874112e-5,-299.50136392672283,-115.05960663276956
"month12",-15.807369084337093,46.50867586462166,-0.33988000712704625,0.7340358849809858,-107.10047313393694,75.48573496526275
"pop_density_new",116.84239075710113,114.4421987457491,1.0209729630997777,0.30757511978113133,-107.79921349265788,341.48399500686014
"P0020002",1500.3645439395525,1207.7071288647203,1.2423248220368945,0.21447987440245847,-870.2755684090278,3871.0046562881325
"P0020003",11847.687498579415,39767.27760602433,0.29792553606396766,0.7658371587033331,-66212.54846306711,89907.92346022594
"P0020005",-5497.655378760438,21382.93458734988,-0.25710481207817215,0.7971638090841318,-47470.78051891647,36475.4697613956
"P0020006",-1028.2168270978552,6593.179683850076,-0.1559515857904588,0.8761104278575693,-13970.142773290974,11913.709119095265
"P0020007",-2.906421364949058,328.1408180906318,-0.008857238126791988,0.9929352415380578,-647.0226704722825,641.2098277423843
"P0020008",-3267.977441630758,11567.5227171087,-0.2825131639289824,0.7776229478430484,-25974.172261776606,19438.217378515088
"P0020009",-91.32584533402978,395.9974856139189,-0.23062228587751357,0.8176670682414333,-868.6397332366414,685.9880425685819
"P0020010",-2114.8700542305937,2207.4173720091626,-0.9580743909366204,0.3383139700293587,-6447.867717082161,2218.127608620974
