"term","estimate","std.error","statistic","p.value","conf.low","conf.high"
"(Intercept)",388.2353552454209,143.70295861015467,2.701651789220619,0.007045297165304707,106.15703526014573,670.3136752306962
"PM25_wk_avg",-10.80527243710127,7.833553359052013,-1.3793577373945254,0.1681689772199881,-26.18196051929261,4.571415645090072
"month9",-432.0917187689975,169.29258985102305,-2.5523368692583466,0.010884562366906037,-764.4005994837078,-99.78283805428731
"month10",-469.8370394678158,151.58709394771503,-3.099452778149244,0.002006498219224732,-767.3913362323083,-172.28274270332344
"month11",-330.3985365979321,142.13730650221206,-2.324502586467615,0.020347438387038935,-609.4035968496485,-51.39347634621572
"month12",163.11284288442462,140.70735501782946,1.15923466021912,0.2467055708653567,-113.08532795961193,439.31101372846115
"pop_density_new",244.99123505765147,346.233445450299,0.707589744078665,0.4794056293583858,-434.63950852560777,924.6219786409107
"P0020002",3154.842263155711,3653.7973309190043,0.8634420514950139,0.3881526073269711,-4017.2926924532308,10326.977218764652
"P0020003",32062.142924360272,120311.92770336173,0.26649180622732555,0.789928969461401,-204101.30679849046,268225.592647211
"P0020005",-16047.978203959923,64691.93354511212,-0.2480676851739029,0.8041455383365543,-143033.47737178847,110937.5209638686
"P0020006",-3588.4779443460116,19947.006815937442,-0.17990057242467358,0.8572760695388253,-42742.982665704374,35566.02677701235
"P0020007",79.87784433003672,992.7572808419093,0.08046059784350934,0.9358910062041559,-1868.831553454396,2028.5872421144693
"P0020008",-9228.377978799686,34996.38498354101,-0.2636951783202706,0.7920825491851244,-77923.70323299791,59466.94727539853
"P0020009",-316.4845132898759,1198.050853063107,-0.2641661766532753,0.791719738976072,-2668.1700676963137,2035.201041116562
"P0020010",-3044.242588678915,6678.320852219432,-0.45583952254513355,0.6486287790346219,-16153.294375338304,10064.809197980474
