"term","estimate","std.error","statistic","p.value","conf.low","conf.high"
"(Intercept)",3.519085189097152,2.1896551803347015,1.607141261647982,0.10985757568239793,-0.8029704390513772,7.841140817245682
"PM25_wk_avg",0.00885639539916224,0.022145548704647702,0.39991763208393843,0.6897133937085731,-0.03485564395615282,0.052568434754477304
"month9",-4.167981222440622,2.0737448311126476,-2.0098814279885784,0.046006740140631906,-8.261246956310334,-0.07471548857090937
"month10",-3.921364039226495,2.3425860510142047,-1.6739466358252968,0.09595859693495336,-8.545282598248445,0.7025545197954544
"month11",-5.021584350975742,6.292409227826224,-0.7980384252138825,0.4259486238149508,-17.44186995666777,7.398701254716286
"month12",-5.220374450508748,5.4438906564421945,-0.9589418267119415,0.3389340723680717,-15.965809833218032,5.525060932200535
"pop_density_new",1.5622137054139964,8.057671046624563,0.1938790621228479,0.8464993591153369,-14.342437771038949,17.46686518186694
"P0020002",30.153858000371784,74.35125122615807,0.40555952325067435,0.6855703068589423,-116.60452053701123,176.91223653775478
"P0020003",-1581.6021683337121,2450.1259844728584,-0.6455187114282174,0.5194512959497384,-6417.78865832032,3254.5843216528956
"P0020005",860.4254032204827,1317.5744211352853,0.6530374219614091,0.514604095188175,-1740.2717264078651,3461.1225328488304
"P0020006",274.5822303054696,403.53931019728714,0.6804349003105262,0.4971440260230806,-521.9447126037611,1071.1091732147001
"P0020007",6.820525701015942,21.255006901490137,0.32089030752268405,0.748683073702499,-35.133715784111004,48.774767186142896
"P0020008",465.954134255737,713.1837650814487,0.6533437201876336,0.5144071331856144,-941.765187698539,1873.673456210013
"P0020009",18.624967604865713,24.42399867610418,0.7625683186384999,0.44676540357192085,-29.584395169693412,66.83433037942484
"P0020010",-45.24718850336624,152.17785192355018,-0.2973309711724485,0.7665726328775402,-345.62377167167915,255.12939466494666
