"term","estimate","std.error","statistic","p.value","conf.low","conf.high"
"(Intercept)",68.28444579246869,99.6090016279395,0.6855248489240501,0.4932108844115377,-127.24068539737877,263.8095769823161
"PM25_wk_avg",-7.128290906537382,5.429898151305174,-1.3127853797449163,0.18963080187921105,-17.786780912762495,3.5301990996877333
"month9",-218.5918956959035,117.34668528165591,-1.8627871351562977,0.06285763224018105,-448.93479301848697,11.751001626679937
"month10",-230.2143027161957,105.07396113377982,-2.1909738648102133,0.02874074071715701,-436.46674676796545,-23.96185866442596
"month11",-74.70912986827156,98.5237557507692,-0.7582854439416586,0.4485028858971559,-268.1040033601296,118.68574362358643
"month12",491.36830618738384,97.53257198452437,5.0379918850632786,5.815457386037576e-7,299.91905340008987,682.8175589746778
"pop_density_new",113.8709069792932,239.99483493632718,0.4744723235793978,0.6352922900218929,-357.22127162807755,584.963085586664
"P0020002",3549.9634632655557,2532.662568702004,1.4016724956317101,0.16139994609152233,-1421.4665572334757,8521.393483764587
"P0020003",24188.405997233684,83395.29762206195,0.2900452026306424,0.7718566305835585,-139510.4188246022,187887.23081906955
"P0020005",-12145.019718675252,44841.7971079565,-0.27084150283799174,0.7865826267149796,-100166.16358146496,75876.12414411447
"P0020006",-3126.5906321272664,13826.44765019354,-0.22613115900984884,0.8211570277761828,-30266.88866253503,24013.707398280498
"P0020007",-8.973455660647602,688.1386615831492,-0.013040185302193374,0.9895989754331312,-1359.7389475728926,1341.7920362515972
"P0020008",-6991.721660710728,24258.059837546036,-0.2882226240488166,0.7732508015562642,-54608.50583312601,40625.06251170456
"P0020009",-197.75967963631075,830.4397524400342,-0.23813850319092342,0.8118345007089253,-1827.8517284211687,1432.3323691485473
"P0020010",-1720.84874610718,4629.138321676978,-0.37174277943886874,0.7101825634374224,-10807.50620526562,7365.8087130512595
