"term","estimate","std.error","statistic","p.value","conf.low","conf.high"
"(Intercept)",45.19368324204539,14.05024039534475,3.216577223619559,0.0015500888613110277,17.460585755774847,72.92678072831593
"PM25_wk_avg",0.06431706308419041,0.1421001287241741,0.4526179086651931,0.6513942735062122,-0.21616758428346886,0.3448017104518497
"month9",-65.77476246655124,13.306484809760137,-4.9430607261736235,1.8151475230823902e-6,-92.03979637664193,-39.50972855646054
"month10",-82.35464571748413,15.031543532118986,-5.478788358727831,1.5008088024408424e-7,-112.02469052920826,-52.68460090576001
"month11",113.01692058248577,40.376157447461715,2.7991004525268584,0.0057100676152757966,33.32035460896182,192.7134865560097
"month12",79.9665214169391,34.93151483207157,2.289237148785763,0.023281104211177704,11.016875081925207,148.916167751953
"pop_density_new",47.606387211293544,51.70321621798877,0.9207625887445308,0.35846400912224174,-54.44811829042697,149.66089271301405
"P0020002",1461.9031528197625,477.08559904966904,3.0642365976499844,0.002534113760072005,520.2067081009885,2403.5995975385363
"P0020003",31735.089969690325,15721.589129600918,2.018567570242557,0.045085614508757296,702.9971583263541,62767.182781054296
"P0020005",-17422.86244061836,8454.407580685036,-2.060802282636891,0.040827281325053755,-34110.613185544295,-735.1116956924234
"P0020006",-5894.747106773211,2589.36857646089,-2.276519133027428,0.02404739619311108,-11005.777889041434,-783.7163245049896
"P0020007",121.64388168581239,136.3858379404741,0.8919099191142128,0.37368726988141965,-147.56160042131808,390.8493637929429
"P0020008",-9197.27034112011,4576.247180581078,-2.009784432132066,0.04601711571170276,-18230.105766653178,-164.43491558704227
"P0020009",-60.631926857623554,156.72013378946323,-0.38688026478509824,0.6993230893204002,-369.9743029414244,248.71044922617727
"P0020010",77.33630939491769,976.4712825908188,0.07919977860457444,0.9369657889209638,-1850.0736501960503,2004.7462689858855
