"term","estimate","std.error","statistic","p.value","conf.low","conf.high"
"(Intercept)",25.01649371486176,12.963130133975238,1.9298189138204902,0.055274724035344884,-0.5708088235248354,50.603796253248355
"PM25_wk_avg",0.08374382260726469,0.13110540523679795,0.6387518688189061,0.5238340148996693,-0.17503886595184498,0.3425265111663744
"month9",-47.904231366686844,12.276921202845578,-3.9019743285135258,1.3672192967540867e-4,-72.137058917636665,-23.67140381573703
"month10",-61.58325408284356,13.868506832518936,-4.440510779317848,1.6006030518683347e-5,-88.9576363818604,-34.208871783826716
"month11",176.92276847824826,37.25213011122128,4.749332936130669,4.282506696832129e-6,103.39257063992262,250.4529663165739
"month12",198.82671837047602,32.228756220787716,6.169233370608071,4.762851070155779e-9,135.21191798396472,262.4415187569873
"pop_density_new",30.261853838821377,47.70277954823575,0.6343834494638078,0.5266734594767536,-63.896381063381796,124.42008874102456
"P0020002",1220.3240467372186,440.17202065635144,2.7723798639394732,0.006178260260064232,351.4895488138999,2089.1585446605372
"P0020003",28917.27559299066,14505.161482321138,1.993585223317574,0.04777804691212147,286.2311322429741,57548.320053738345
"P0020005",-15931.226678872445,7800.264094442047,-2.0423958068578707,0.042638902039941695,-31327.794884316958,-534.6584734279313
"P0020006",-5504.820700865719,2389.021175225601,-2.304215951684014,0.02240609018797487,-10220.39533055308,-789.2460711783588
"P0020007",88.48824759534712,125.83324668518898,0.7032183459171804,0.48287046272648404,-159.88797936875017,336.86447455944443
"P0020008",-8564.03802788404,4222.168878104396,-2.0283504225271516,0.044067014995294654,-16897.975227902578,-230.10082786550447
"P0020009",-115.83490395150149,144.59421559790138,-0.8011033046690057,0.4241770929568337,-401.24251010577507,169.57270220277212
"P0020010",797.4303952382439,900.9186997617845,0.8851302514301187,0.37732209980910125,-980.8499348247216,2575.7107253012095
