"term","estimate","std.error","statistic","p.value","conf.low","conf.high"
"(Intercept)",2.630024647265664,0.6231959580705156,4.220220964539812,2.7195450463806603e-5,1.4067368974912278,3.8533123970401
"PM25_wk_avg",-0.018556436659358518,0.0339717347360582,-0.546231648266769,0.5850586297778251,-0.08524044897207063,0.048127575653353585
"month9",-1.341575845285524,0.7341703938932812,-1.827335801667501,0.06802075595818874,-2.7826982361902184,0.09954654561917065
"month10",-2.6823791893288123,0.6573870514395657,-4.08036511132195,4.946087548825721e-5,-3.972781536250588,-1.3919768424070367
"month11",-3.344563418985714,0.616406201792349,-5.4259081256168304,7.640907793071376e-8,-4.554523377442711,-2.134603460528717
"month12",-2.139011115266808,0.6102049377827352,-3.5053979127720654,4.812266156647219e-4,-3.3367984493705207,-0.9412237811630955
"pop_density_new",2.130477034990059,1.5015089865951259,1.4188906320309163,0.15631940384207393,-0.8168744773094017,5.077828547289519
"P0020002",27.228216283152783,15.84540603937612,1.7183665862200168,0.08611571690907209,-3.8751483121249706,58.331580878430536
"P0020003",-446.12956599841146,521.7561821800157,-0.8550537228603232,0.3927767626685339,-1470.2985095936333,578.0393775968105
"P0020005",256.72583333324667,280.54920994668646,0.9150830735970812,0.36042306498867205,-293.9715954486087,807.423262115102
"P0020006",94.99935889630001,86.5040924941598,1.0982065259249294,0.27244390554103953,-74.80180120924547,264.8005190018455
"P0020007",0.18408396230706023,4.3052859227773395,0.042757662466307855,0.9659053561673856,-8.266875098653223,8.635043023267343
"P0020008",135.33007821521815,151.76866140932245,0.8916865771796644,0.3728283914641989,-162.58062209885705,433.2407785292934
"P0020009",5.795257771557312,5.195581610934919,1.1154204101731902,0.26500441653013773,-4.40328612992746,15.993801673042084
"P0020010",-51.69161556445779,28.9618432498097,-1.784817876355209,0.0746687421785064,-108.54158000914188,5.158348880226299
