"term","estimate","std.error","statistic","p.value","conf.low","conf.high"
"(Intercept)",48.05667073005585,9.955951340852073,4.826929048243315,1.660160237271646e-6,28.51387178392302,67.59946967618868
"PM25_wk_avg",-0.4776464066528588,0.5427200443399849,-0.8800972280906563,0.37907028024535594,-1.5429658670897646,0.5876730537840471
"month9",-42.153175446739745,11.728838454161863,-3.5939769834396604,3.4554949936435874e-4,-65.17602117327777,-19.13032972020172
"month10",-57.77586317870256,10.50217577871063,-5.501323192078185,5.072095750344215e-8,-78.39086045155206,-37.16086590585306
"month11",-54.58952223295672,9.847480670838479,-5.54350133375876,4.024647596363431e-8,-73.91940124576989,-35.259643220143545
"month12",-21.504325543815725,9.74841153867876,-2.205931239001661,0.027671671437562727,-40.639739149428586,-2.3689119382028636
"pop_density_new",36.7275116723767,23.98755995574298,1.5311066127667388,0.1261373767710012,-10.358301161986894,83.81332450674029
"P0020002",316.5533425734795,253.14042792014047,1.250504888430323,0.21147988873552023,-180.34266651829887,813.4493516652578
"P0020003",3734.780321049116,8335.386477242222,0.4480632459269933,0.6542285640678625,-12626.96919801972,20096.529840117953
"P0020005",-1747.3544260800088,4481.951859237918,-0.38986461277545215,0.6967401737421616,-10545.095703895107,7050.38685173509
"P0020006",-361.6846337428442,1381.9578328506625,-0.26171900845684387,0.7936052845279972,-3074.3660395483626,2350.996772062674
"P0020007",-16.37797888626893,68.77967772502235,-0.23812235573052923,0.8118470200196825,-151.38741870188022,118.63146092934237
"P0020008",-1046.7203459002378,2424.6007832523455,-0.43170832622439936,0.6660694444605875,-5806.033043352763,3712.592351552288
"P0020009",-41.686333730085614,83.0027169400237,-0.502228544641586,0.6156446255417369,-204.61455159769423,121.24188413752302
"P0020010",-521.2750373611071,462.68384510905963,-1.126633321805815,0.26023452995081964,-1429.4893356258626,386.93926090364823
