"term","estimate","std.error","statistic","p.value","conf.low","conf.high"
"(Intercept)",18.391153844985805,5.897260824476951,3.118592579227998,0.0021308465115128616,6.750832772517031,30.03147491745458
"PM25_wk_avg",0.0348857962613988,0.059643215966315985,0.5849080351586148,0.5593760585360879,-0.08284109496934322,0.15261268749214082
"month9",-26.674972858172403,5.585086758095332,-4.77610716064674,3.8088230868869697e-6,-37.6991084724539,-15.650837243890908
"month10",-40.08094039278158,6.309139937047328,-6.352837437861527,1.8260002070772744e-9,-52.53424994516686,-27.627630840396293
"month11",-15.916636055060069,16.946950718133017,-0.9392035369542602,0.34894330780399585,-49.36741149636336,17.534139386243226
"month12",15.158833697132307,14.661688922209834,1.0339077426591277,0.3026307982411261,-13.781172790425101,44.09884018468971
"pop_density_new",70.0225378564697,21.701219546594455,3.226663723028333,0.0014995080186690532,27.18753857374771,112.85753713919169
"P0020002",1134.1464829652632,200.2455569464793,5.6637785140391035,6.105888066534502e-8,738.8913559548199,1529.4016099757064
"P0020003",-15084.50250148695,6598.7704881716545,-2.2859565321336808,0.02347669472100956,-28109.499945560874,-2059.5050574130255
"P0020005",7959.212094887451,3548.540467411089,2.2429537349180233,0.026176647386910064,954.9177947490334,14963.506395025868
"P0020006",2474.284257421858,1086.8270888200539,2.2766126119548034,0.024041684322537792,329.04825028899904,4619.520264554717
"P0020007",236.6295634533158,57.24477563859397,4.13364470056167,5.5694595583096946e-5,123.63683886685098,349.62228803978064
"P0020008",4514.257292030611,1920.7730588087,2.3502293888016315,0.019895950374141592,722.9352227944651,8305.579361266757
"P0020009",315.0889007233918,65.77962222693418,4.790068566164177,3.5823377942721107e-6,185.24965068222892,444.92815076455474
"P0020010",-606.1912845120227,409.8510544316065,-1.479052641093498,0.14095534152236727,-1415.176677471459,202.7941084474137
