"term","estimate","std.error","statistic","p.value","conf.low","conf.high"
"(Intercept)",4.633110115332179,1.5649271692865452,2.960591525447428,0.0035042323291071963,1.5441752271350389,7.722045003529319
"PM25_wk_avg",0.007165074282359294,0.01582722757350509,0.4527055827739337,0.6513312570341785,-0.024075533200686956,0.03840568176540554
"month9",-6.258487715358226,1.4820870690149779,-4.222753066402321,3.903441672608643e-5,-9.18390849191319,-3.3330669388032614
"month10",-11.00938997529833,1.6742255084489788,-6.575810677677198,5.578057028533073e-10,-14.314063627373386,-7.704716323223274
"month11",-9.840134070593606,4.497129159573625,-2.188092385482332,0.030011244054671645,-18.716802218715,-0.9634659224722135
"month12",-15.137223873359572,3.8907004497344344,-3.8906166303275254,1.427360481802396e-4,-22.816891396921125,-7.4575563497980175
"pop_density_new",24.73254946522064,5.758746151121781,4.29478029004679,2.9169966123780937e-5,13.365635881260788,36.09946304918049
"P0020002",397.4494982900062,53.13818091507856,7.479546560413501,3.6602031175811e-12,292.56258460778696,502.33641197222545
"P0020003",-3007.118686608131,1751.083346689514,-1.7172904375415352,0.08772603664303395,-6463.498349436924,449.2609762206621
"P0020005",1629.5137746686182,941.6587724449043,1.7304716128091502,0.08533959984861546,-229.1814362452874,3488.208985582524
"P0020006",555.7373578369434,288.40597189661423,1.926927359313351,0.055636893914861534,-13.533395486359382,1125.0081111602462
"P0020007",48.557301818667376,15.190765232008161,3.1965013662612103,0.0016555128330425308,18.57297690918639,78.54162672814836
"P0020008",924.8064259394066,509.70612208422364,1.8143914421859582,0.07135995410281393,-81.27810894116863,1930.890960819982
"P0020009",83.16350513542972,17.45561559378113,4.764283716528347,4.011398762735684e-6,48.70870042578275,117.61830984507668
"P0020010",-317.145013130843,108.76016332508858,-2.9160034651923383,0.004018181165843401,-531.8214974646456,-102.46852879704034
