"term","estimate","std.error","statistic","p.value","conf.low","conf.high"
"(Intercept)",2.4085436908075533,0.6012006695782589,4.00622256874255,6.743660704819e-5,1.2284310717715097,3.588656309843597
"PM25_wk_avg",-0.020958231925236343,0.032772724863761385,-0.6395022694133993,0.5226788567431606,-0.085288676199445,0.04337221234897232
"month9",-0.7688678258225982,0.7082583362057548,-1.0855753988601635,0.27799308108251664,-2.1591267566388486,0.6213911049936524
"month10",-1.9314983976771805,0.6341850109573789,-3.045638676892332,0.0023978598662981084,-3.176356848615571,-0.6866399467387903
"month11",-2.9333692591652465,0.5946505532499288,-4.9329295047882775,9.850987329032278e-7,-4.100624482449154,-1.7661140358813383
"month12",-2.010959254625637,0.5886681587453908,-3.416116915362857,6.671681091868442e-4,-3.1664714782688272,-0.8554470309824471
"pop_density_new",3.279336116605956,1.4485142216160196,2.2639309077320617,0.023844707738592992,0.43600942340485727,6.122662809807054
"P0020002",24.03840599505509,15.28615293030254,1.5725608728800888,0.11621493118599857,-5.967185951839138,54.043997941949314
"P0020003",-393.73706009238276,503.3411433771335,-0.7822469219397216,0.43430036302709674,-1381.7586393033225,594.2845191185571
"P0020005",224.75152859715558,270.6474114367002,0.8304218666052939,0.4065474370940133,-306.50939925567684,756.012456449988
"P0020006",85.68970235488335,83.45098785583573,1.0268266985996028,0.30481166754239875,-78.11843829269777,249.4978430024645
"P0020007",0.6690648807413718,4.153333708250261,0.161091048237306,0.8720622601092674,-7.483623178658533,8.821752940141277
"P0020008",118.6707297870327,146.41208704687455,0.8105254981375936,0.41787865918444,-168.72540971598391,406.06686929004934
"P0020009",5.456863337375512,5.0122069998873835,1.0887146794811386,0.27660676876432777,-4.381729713322902,15.295456388073926
"P0020010",-45.50053555555917,27.93965417862352,-1.628528945443118,0.10380550116146516,-100.34401816649253,9.342947055374204
