"term","estimate","std.error","statistic","p.value","conf.low","conf.high"
"(Intercept)",0.8230909478040076,0.17844522235025817,4.61256926334748,3.977219482103638e-6,0.49720076874250163,1.1584945443699715
"PM25_wk_avg",-0.009200549134488803,0.010686268956604775,-0.860969265498628,0.38925497069533915,-0.032232116507546364,0.01401125517933126
"month9",-1.4744511554813584,0.2144018904081828,-6.877043633683767,6.110739826225806e-12,-1.940453636981822,-1.0087848396523236
"month10",-1.9001235786491537,0.19924126946931878,-9.536797189207602,1.4731155708880945e-21,-2.3237305826866788,-1.4813009348721469
"month11",-2.7252817226316743,0.2061711454280845,-13.218540921296341,6.85814094482596e-40,-3.159516197106609,-2.300927162601939
"month12",-2.1464047508949364,0.1875933019689651,-11.441798445714397,2.5847130990917614e-30,-2.5462860119463735,-1.7541181866166626
"pop_density_new",2.3530915960235728,0.4550971294087995,5.170526122808972,2.334358373517081e-7,1.4934182084466936,3.2708763446870748
"P0020002",37.52125648636951,5.352929224515307,7.009481148102973,2.3920351832052133e-12,26.11260596750527,49.1691913843018
"P0020003",672.1461356050991,171.88834992420522,3.910364698372428,9.215687100661376e-5,298.4761057900066,1052.441760743236
"P0020005",-355.8018842867618,92.36822096783831,-3.851994555688676,1.1715962841242355e-4,-559.4573447047175,-155.64448843117063
"P0020006",-105.5713098695751,28.339810756529833,-3.7251945955655406,1.9516460917111636e-4,-167.7128017338764,-44.530492407925294
"P0020007",-0.7380737189236809,1.3711235758410596,-0.5382984669860554,0.5903710095503724,-3.840330746339365,2.368616513604393
"P0020008",-188.3565131266354,49.87659426212043,-3.7764509769201653,1.5907885187052334e-4,-298.69161111408937,-79.95850993031544
"P0020009",-2.05026815290813,1.612314178572174,-1.2716306661297225,0.20350437565626944,-5.513861439169495,1.3874615646337412
"P0020010",-53.13092068564301,9.314340275097583,-5.704206537063236,1.168862807228332e-8,-73.70321824436515,-32.85380523593625
