"term","estimate","std.error","statistic","p.value","conf.low","conf.high"
"(Intercept)",0.7362745572989162,0.1720582797830632,4.279216078570794,1.8755271699409013e-5,0.41985462110629473,1.0601912910549967
"PM25_wk_avg",-0.006067644854395613,0.010318952667497274,-0.5880097573765924,0.5565257435299821,-0.02856881276743721,0.016615565893118446
"month9",-1.4413295290848,0.2060871165956887,-6.9937876413326086,2.6756245959714544e-12,-1.8763487858885772,-1.0065910674808312
"month10",-2.064614804217679,0.19724469206465345,-10.467276876281838,1.2210508246938904e-25,-2.48026204912308,-1.6546134590799975
"month11",-2.7901325555046923,0.20322402277178542,-13.72934418603616,6.774392583520346e-43,-3.209692668808745,-2.3801561500390807
"month12",-1.9389824989410878,0.1770393683862457,-10.952267377676256,6.480481006033247e-28,-2.3123845558553615,-1.5720311161820217
"pop_density_new",2.3274860635730046,0.44186030632928075,5.267470352583624,1.3831649045499638e-7,1.4681273634232008,3.234673654461214
"P0020002",37.09951022567121,5.198591839992387,7.136453748930122,9.576951011523632e-13,26.06131392058999,48.366903435146455
"P0020003",553.6911106116955,167.23413120128902,3.3108738427639093,9.30051283094085e-4,190.25907560735286,922.3946663007358
"P0020005",-291.48002015946895,89.835528327717725,-3.2445962703770967,0.0011761725216427276,-488.8653560829172,-96.87687713550973
"P0020006",-84.5946388503319,27.533733504464877,-3.072399855857326,0.002123450704926101,-144.7306829942191,-25.326105937896468
"P0020007",0.11109488094373829,1.3278215407658962,0.08366702718172356,0.9333211736921988,-2.9048580663423875,3.1356951068082206
"P0020008",-152.66553129629435,48.51928247758635,-3.146491940947781,0.001652418152827698,-259.61778211108737,-47.2383116650566
"P0020009",-1.0259325927042535,1.5705486865504161,-0.6532319573980429,0.5136067507465965,-4.395447832738424,2.3272879018999353
"P0020010",-57.07141142316118,9.09216573185446,-6.276987585390259,3.4519563438139215e-10,-77.53355036933685,-36.95863616651776
