"term","estimate","std.error","statistic","p.value","conf.low","conf.high"
"(Intercept)",0.7682177577128517,0.39135396177374016,1.9629742707370215,0.0496491637507056,-0.14634078169854964,1.742683284392212
"PM25_wk_avg",2.8773966928888106e-4,0.004874120417185052,0.0590341732786034,0.9529248892252272,-0.012752634172817742,0.012298186015308193
"month9",-2.438801699016979,0.3598392696066276,-6.777475125722245,1.2229419842457451e-11,-3.176433310422324,-1.732013220966042
"month10",-2.1741232549113176,0.4074657686745619,-5.335720009029186,9.51661579260292e-8,-3.0087523253840636,-1.3465261923725242
"month11",-3.702590065138132,1.2974868543933298,-2.8536628734241507,0.0043218367574564525,-6.6171926871794184,-0.8880274277248325
"month12",-4.000253877588615,1.3217223062333323,-3.0265463923270004,0.0024736485878898494,-7.1665379694131355,-1.4597578922245629
"pop_density_new",1.6617886059425793,1.4161914087696292,1.1734209059962608,0.24062705764115344,-1.1820582187766362,5.110696492028074
"P0020002",19.436478762199652,12.94314678239126,1.5016810895355344,0.13317948996889112,-7.70939574783827,47.645525058349506
"P0020003",-201.30894058630037,447.0329392135028,-0.45032238774278616,0.6524779984936988,-1152.8874670627513,745.4418563707801
"P0020005",106.6278134371865,240.32724842353218,0.4436775860275102,0.6572757027958444,-399.6438319379777,617.0062817159459
"P0020006",26.58004806512545,73.244625279329,0.36289417774694843,0.7166839361955598,-128.356499234355,182.55604573609344
"P0020007",7.815187549675807,3.8173698301685817,2.0472702141439294,0.04063156074510818,-0.7303798070633007,16.698284135569253
"P0020008",64.44409001837795,130.2085501799908,0.49492978709382096,0.6206496835624788,-211.68453041711092,341.96521376151
"P0020009",5.1968770189508895,4.41213576001353,1.1778597263595882,0.23885253306653212,-3.974338157723272,14.604654209537733
"P0020010",-23.47138608441618,27.07420656088676,-0.86692793865008555,0.3859814943938435,-82.8423633851283,35.342560774175105
