"term","estimate","std.error","statistic","p.value","conf.low","conf.high"
"(Intercept)",5.052800751640444,0.12986362015215655,38.90851607032253,0,4.815326329745116,5.296918761899093
"PM25_wk_avg",-0.02052285005102168,0.007120646094024694,-2.8821612224547257,0.003949575916733112,-0.035472162131037,-0.0053033052759485005
"month9",-2.0240583842582036,0.1534157754177749,-13.19328718801166,9.591008214972273e-40,-2.353070463305664,-1.6910112369841148
"month10",-2.6582822901756162,0.13795649948743072,-19.268989138259585,9.782819662510279e-83,-2.94983355531943,-2.365413823672677
"month11",-2.4226483704928663,0.1289214439866304,-18.791663322853434,8.83658395256447e-79,-2.690876348382418,-2.1552917998398495
"month12",-1.2406859560887273,0.12694234325294543,-9.773617882699199,1.4613825117021148e-22,-1.5055458788623217,-0.9769980130607574
"pop_density_new",1.723412463380691,0.3131618705656487,5.503264047656175,3.728233912823549e-8,1.130229555464114,2.377732721093122
"P0020002",24.718174802177217,3.32176811766084,7.44127040980318,9.97215789636281e-14,18.028911235710606,31.442246118175238
"P0020003",606.9875360456293,109.29352786771936,5.553737242156564,2.7962571292514e-8,381.0051779647092,837.6848818679094
"P0020005",-323.86060108568006,58.76842462206061,-5.510792626626044,3.57221388131148e-8,-447.2037885761586,-203.034400536435
"P0020006",-102.67346318355673,18.11789460546431,-5.666964369722665,1.4534955229783316e-8,-140.77121079197272,-65.4189204468177
"P0020007",0.7062837345115605,0.9005395321751086,0.7842895389674294,0.4328702362999265,-1.2452177375278177,2.655063177570994
"P0020008",-173.42186699477674,31.78839617537654,-5.455508545886006,4.8832882861382016e-8,-240.69453066305852,-107.63240225609519
"P0020009",-2.3728722169612726,1.0850368275572113,-2.186904772903809,0.02874947643692852,-4.628895137686381,-0.15450909467289534
"P0020010",-25.873835441371604,6.051922060738654,-4.275308766652165,1.908725774606842e-5,-38.21629687468937,-13.310119746564899
