"term","estimate","std.error","statistic","p.value","conf.low","conf.high"
"(Intercept)",0.5949367394080078,0.32524951743097996,1.829170244762184,0.06737410846964664,-0.2164029369962011,1.3830966113925374
"PM25_wk_avg",0.003032741218414135,0.0036663080124340434,0.8271921530130016,0.4081281585783652,-0.007329616522910662,0.014213082452046867
"month9",-2.2237780056791587,0.32213955587241067,-6.903151026134546,5.086150545455739e-12,-2.8948059346912207,-1.5811989386354293
"month10",-2.0622366071647944,0.37030517249806033,-5.569019177488255,2.5617729221635952e-8,-2.8140349160483833,-1.3267496562697876
"month11",-3.5883346353955097,1.1843181929326962,-3.0298737761596066,0.002446559637840325,-6.176769208583362,-1.1240771122255464
"month12",-3.792308663994591,1.2275995934051644,-3.0892065168214455,0.00200691880931414,-6.882265322669241,-1.5293612515231114
"pop_density_new",1.6312815251041117,1.3449457124353965,1.2128976731337542,0.2251689453885271,-1.4941057422124049,4.783692312726194
"P0020002",35.740582127126274,11.648840855586883,3.068166401293463,0.0021537665136244473,11.768820762333867,60.72132004560514
"P0020003",576.5202923608765,392.48076180473896,1.4689135072757988,0.1418562505168337,-260.0640471685799,1430.9824558811902
"P0020005",-311.2275081748295,211.06203772904598,-1.4745783349934887,0.14032594307043536,-768.291392400828,136.5817855655789
"P0020006",-97.3197466703419,64.40625787664256,-1.5110293607919065,0.13078097047343246,-236.95946262763175,39.7496352378651
"P0020007",0.9833553785932783,3.322458891824053,0.2959721732037471,0.7672513324017853,-6.33768379448394,8.320982603021578
"P0020008",-161.4422336984846,114.17872812823843,-1.4139431779023037,0.15737858691507045,-409.591564537287,81.33660126975748
"P0020009",-0.4428103674870446,3.787615961822456,-0.11691004894645686,0.9069313348574443,-8.35213856433381,7.466184132046096
"P0020010",-37.13788165434778,24.094346739408138,-1.541352502975561,0.12323101715993828,-86.73373275288604,12.223808196747356
