"term","estimate","std.error","statistic","p.value","conf.low","conf.high"
"(Intercept)",3.753072427012602,0.12835084213133702,29.2407308334776,5.890303360830568e-188,3.5117409026930746,4.000644954524854
"PM25_wk_avg",-0.024129311516039524,0.007150166539082212,-3.374650280402663,7.3909549343446e-4,-0.03919795140177178,-0.008828617832969026
"month9",-1.7275269545588727,0.15203802832053087,-11.362466177980496,6.430331469592244e-30,-2.0500032474375227,-1.40158580493969
"month10",-2.5184701181767504,0.13839130025685614,-18.19818235324356,5.334879134917937e-74,-2.807980487586875,-2.228166224431962
"month11",-2.6041296508498917,0.12954964286598653,-20.101403548782844,7.173583697938691e-90,-2.8722994720530877,-2.3371290531688795
"month12",-1.5672309893625274,0.1254109601975796,-12.496762538883539,7.775373506850762e-36,-1.8270871270505231,-1.3085639191068117
"pop_density_new",1.951781700069567,0.31014928514619916,6.293039492738247,3.113090944769817e-10,1.3631883744588624,2.596018327603608
"P0020002",28.77315856766707,3.345242369504557,8.601217905753265,7.88745660016231e-18,21.91150683849439,35.66012285112956
"P0020003",744.0631250771095,109.69858813881815,6.782795819901842,1.1787217275545515e-11,513.4257837544495,978.4225013218663
"P0020005",-397.07323318123724,58.990245625428905,-6.731167652742761,1.6830689859905773e-11,-522.4339298305713,-273.69974024053977
"P0020006",-125.69314009368608,18.179967718413163,-6.913826363199791,4.7175255902220045e-12,-164.30470059538376,-87.75147396804262
"P0020007",-0.7557498258323971,0.9010788839795758,-0.8387166087997322,0.4016283558943342,-2.6974788388286095,1.1868378463347893
"P0020008",-213.3567229204806,31.8975170021,-6.688819161266818,2.249785347588328e-11,-281.61125606780524,-146.2794151703886
"P0020009",-3.16263133233928,1.0784875766323165,-2.9324689508384574,0.003362785457909244,-5.439096466309882,-0.9120491127151643
"P0020010",-28.525863051034246,6.026999261691596,-4.73301253450426,2.2121182254386935e-6,-41.13601165368076,-15.68933783888617
