"term","estimate","std.error","statistic","p.value","conf.low","conf.high"
"(Intercept)",3.2327587079392246,0.24846794156469457,13.010767858345615,1.0626886619377018e-38,2.667700872774424,3.8288690743888276
"PM25_wk_avg",-0.011513393434883725,0.0034716888724564956,-3.3163667188693338,9.119607496163543e-4,-0.01999842359961954,-0.004050946979307329
"month9",-0.41436780672326645,0.20099204271426474,-2.06161299287028,0.03924459604141118,-0.8133949280819431,-0.021024943417148848
"month10",-0.8530159418508727,0.2299977976321471,-3.7088004782339947,2.0824343625019435e-4,-1.301354150915166,-0.39862975081642193
"month11",-0.633668320049819,0.6050112164278123,-1.0473662352761124,0.29493069819765094,-1.6340076087812625,0.6941005813308709
"month12",0.3087914205174792,0.5185624325646064,0.5954758793272353,0.5515254177266482,-0.595876604949913,1.4726334012086069
"pop_density_new",2.432561728155716,0.768525270340219,3.165233235699385,0.0015495868234219235,1.0009943321702384,4.4022527661329285
"P0020002",24.881028626394983,7.180849093078491,3.4649145670499357,5.30399944902399e-4,10.968626072530764,39.293621816319316
"P0020003",557.3727092251778,236.38055276990914,2.35794655141415,0.018376338589541776,62.70293636850426,1041.7638584811589
"P0020005",-299.9142825385444,127.12243815857973,-2.3592552729708847,0.01831165446052467,-557.1121252033703,-37.03017082131244
"P0020006",-99.7863946699618,38.932809575739746,-2.56304119218105,0.010375973736464001,-179.3491263198137,-17.93172393985589
"P0020007",2.2429989060092157,2.0550028188740965,1.0914821553569056,0.27506077970091153,-1.9212484790511037,6.363864644251205
"P0020008",-159.7898902548157,68.7992815043992,-2.3225517296223264,0.020203246403733943,-300.69168130475475,-16.48845836257933
"P0020009",-0.48072972506921025,2.340291014278338,-0.20541450705755498,0.8372482869466061,-5.145195835107194,4.212557292004307
"P0020010",-19.13678963686899,14.561646013234942,-1.31419137777939,0.1887818093390579,-47.65791957237093,10.89940259883178
