"term","estimate","std.error","statistic","p.value","conf.low","conf.high"
"(Intercept)",3.7522647988926168,0.19678461011128737,19.06787729371013,4.6687533960415045e-81,3.33124858618972,4.193975182322979
"PM25_wk_avg",-0.011501340601484037,0.0027533420558265172,-4.177229115846808,2.9508175765796082e-5,-0.017845036664069128,-0.005704977090540237
"month9",-0.5120507587932578,0.1591360010926134,-3.2176927613963127,0.0012922616082766132,-0.8267227556930139,-0.2010018327522386
"month10",-0.8093297675001635,0.1818403618712409,-4.450770770425769,8.556263563353946e-6,-1.1647571737733462,-0.4503522571578104
"month11",0.09495463351801874,0.47466517322189994,0.20004550338819285,0.8414449937487332,-0.7038907752870937,1.0993876217089174
"month12",1.0451459596055275,0.40872667575582455,2.5570779241967148,0.010555556887037604,0.32031157960387474,1.9318542849778875
"pop_density_new",1.592461738572983,0.6091640203521705,2.6141756331116657,0.008944304471142401,0.4396218858371554,3.0555187277822697
"P0020002",22.20466374910266,5.686582540687945,3.904746583774446,9.432417343712852e-5,12.239228040948252,32.32973372494244
"P0020003",691.4490866192693,187.2100839738489,3.6934393273166677,2.2124131481364938e-4,346.02761199917353,1034.2801612157084
"P0020005",-380.10169323156913,100.68796595829116,-3.7750459016027986,1.5997820257680791e-4,-562.9151691659051,-195.97229288399828
"P0020006",-128.39394233619754,30.838595169832832,-4.163417355074464,3.135195376270413e-5,-184.7814296831333,-71.39003960167675
"P0020007",0.643588850124853,1.6265779026550542,0.3956704742357107,0.692348139779055,-2.366136519002212,3.6414142803062393
"P0020008",-201.5716127553461,54.48703760929115,-3.6994415846343247,2.1607436502358966e-4,-301.33451683138975,-101.42140674075505
"P0020009",-2.107045984210467,1.8504756753799887,-1.1386510032226134,0.25484874639919175,-5.584745713906868,1.385533977275272
"P0020010",2.7211889304464485,11.500683248526402,0.23661106663337747,0.8129585340373962,-19.22747879508164,26.075286049908136
