"term","estimate","std.error","statistic","p.value","conf.low","conf.high"
"(Intercept)",1.7907276842886504,0.2436343490554616,7.350062465457217,1.981142480652639e-13,1.2726236387922016,2.3363026197334067
"PM25_wk_avg",-0.009055229025909328,0.0035775788393366957,-2.5311053739316676,0.01137036838189941,-0.017135132555056075,-0.0020164168923297397
"month9",-0.2778173766558424,0.19042177421871198,-1.4589580303812881,0.1445766595306066,-0.652740560861605,0.09327910089157976
"month10",-0.7053831788286924,0.2218804546745486,-3.179113635147987,0.0014772616492901266,-1.1385760433455663,-0.2679196463930625
"month11",-1.7266177592502938,0.6151680248252395,-2.8067417186398815,0.005004534991803659,-2.9463829340396424,-0.40170211866712435
"month12",-0.4942438728543785,0.48164447673259986,-1.0261591209500645,0.30481658665255834,-1.3530986350679988,0.551954813966715
"pop_density_new",2.6317581660483533,0.6985999612303188,3.7671891097925485,1.650959412059725e-4,1.3323895385517335,4.313735925458158
"P0020002",28.476635761570996,6.756737833942812,4.214553895892954,2.502723836876714e-5,15.93667264443005,41.328951605041034
"P0020003",707.1866674144421,222.79121207167375,3.174212577051443,0.0015024361070681942,250.11317553958716,1146.796628982811
"P0020005",-381.39019311203384,119.84053578142858,-3.18248070759324,0.0014601924339805613,-615.4507868268835,-138.0158779669647
"P0020006",-125.15541475462103,36.70165825783027,-3.41007520356166,6.494496876755239e-4,-197.2779778533025,-49.60248882555145
"P0020007",0.9948486446366835,1.9340952782451741,0.514374165444073,0.6069904178956091,-2.7513398645824956,4.715265554523371
"P0020008",-203.46846594741,64.82849670635972,-3.1385652341904393,0.0016977714038271608,-331.23955518645926,-71.09568935883628
"P0020009",-1.301814410675609,2.162997114160195,-0.6018567487460803,0.5472694965057765,-5.5634440002701515,3.038726782840682
"P0020010",-19.577463761883937,13.359353955213681,-1.4654498883341247,0.14279821485346686,-45.880431732654706,8.133153365791287
