"term","estimate","std.error","statistic","p.value","conf.low","conf.high"
"(Intercept)",5.9601263117259595,0.1269172109946538,46.960741297545695,0,5.730242980839752,6.196515473553564
"PM25_wk_avg",-0.029984177483002143,0.006942782124493847,-4.31875535561158,1.5691159905516006e-5,-0.04446065249582359,-0.015255253015896133
"month9",-2.356280257018289,0.1499319925127401,-15.715660263889776,1.1814395140537468e-55,-2.6796380074588853,-2.0287798404595314
"month10",-2.823943479629537,0.1344869036194092,-20.997906886317697,6.853934653385061e-98,-3.1088072463385843,-2.5376367708435206
"month11",-1.8741985802978818,0.12554874988857626,-14.928054496450356,2.164906886216307e-50,-2.1355644995227974,-1.6134587359619565
"month12",-0.8950721206197484,0.12411427018360148,-7.211677749026552,5.52666430462662e-13,-1.154559396101036,-0.6365923139798012
"pop_density_new",1.3021961427403772,0.3060642465815805,4.254649660274124,2.0937657982544453e-5,0.7259315205163869,1.9371077567080575
"P0020002",22.640394751101034,3.2361159652423694,6.996162991150837,2.630674813911473e-12,16.208180253887548,29.103216687829804
"P0020003",584.5503201606568,106.51357333201715,5.488035955178546,4.0642735006787646e-8,372.93019832500033,799.3902711820422
"P0020005",-312.54310915131606,57.27299286070651,-5.457076599985814,4.840375773987953e-8,-427.4799486690447,-199.31105485811258
"P0020006",-99.18221210628559,17.658261723396297,-5.616759659580434,1.9457176584890663e-8,-134.70398913230238,-64.22679700842771
"P0020007",-0.06639216660275424,0.8783867018686183,-0.0755842118983771,0.9397498976089333,-1.943848898530958,1.8106115816532589
"P0020008",-168.1581031208224,30.981286925152858,-5.42773137626828,5.707485261226944e-8,-230.78472506203647,-106.55949438993339
"P0020009",-2.486774929710298,1.0591604684868163,-2.3478736260456,0.01888092612226533,-4.609820175997714,-0.38532729883115746
"P0020010",-20.604360025892046,5.906134123094771,-3.4886373381401494,4.8548934772297864e-4,-32.5535538136415,-8.434781944313057
