"term","estimate","std.error","statistic","p.value","conf.low","conf.high"
"(Intercept)",4.080722359123586,0.2134589416144393,19.117130105959205,1.8184179513387424e-81,3.621664465208115,4.561940404324487
"PM25_wk_avg",-0.013579246092498483,0.0030727112326029804,-4.419304342177029,9.901912178356882e-6,-0.02068718084241061,-0.007005122046111707
"month9",-0.6484017016703137,0.16880925293647103,-3.84103175857505,1.2251826049736574e-4,-0.9829262400302714,-0.318118713894925
"month10",-1.3113089362065977,0.1940271489908817,-6.758378623953407,1.395444779550117e-11,-1.6974979661655516,-0.9210747175731604
"month11",-0.21654008614339404,0.5056972659024822,-0.42820102212130856,0.6685047722081594,-1.0621807468756017,0.8633871867756007
"month12",0.5432014980594212,0.43582631603810407,1.2463714972455435,0.21262804033857866,-0.22442450230952604,1.4956023928850797
"pop_density_new",1.4708191120759873,0.647894022065769,2.2701538553888394,0.023198249664470982,0.2335970145438896,3.07731658325402
"P0020002",17.49069501435446,6.04792530782632,2.8920157118542154,0.003827788038791231,6.93071714576395,28.18595900222365
"P0020003",633.130897891125,199.00594596687043,3.181467241167385,0.0014653109353220584,254.76602577753857,1003.3719864525813
"P0020005",-349.99347797696663,107.02674934675869,-3.2701495664697227,0.0010749063385509642,-547.2336214263098,-148.5511485136072
"P0020006",-120.06549883014314,32.77982625320907,-3.662786309564072,2.494866555115058e-4,-180.82222665792727,-57.664265870783424
"P0020007",1.5748118124743005,1.7302528602914584,0.9101628141270784,0.3627366518677264,-1.6120608950470878,4.745976660319976
"P0020008",-184.26804326220338,57.920804047600676,-3.181379234838791,0.0014657561896967482,-291.95361164669794,-74.71947566893769
"P0020009",-1.9911021319914806,1.9688662036243303,-1.011293773201154,0.3118758454399388,-5.772408931678298,1.8266084708839918
"P0020010",8.97324927479094,12.239119812025558,0.7331613230858534,0.4634600418599981,-14.806692841415186,34.51277807808301
