"term","estimate","std.error","statistic","p.value","conf.low","conf.high"
"(Intercept)",5.266913079800492,0.11377567726456218,46.29208286366301,0,5.0589795317937565,5.480365301731512
"PM25_wk_avg",-0.036699283937764074,0.006231628223959534,-5.889196630290245,3.880774886802584e-9,-0.04953985715942296,-0.023625292741838173
"month9",-1.674191853832172,0.13451841541322,-12.445819025516402,1.4736491296887052e-35,-1.9567916811196922,-1.3885317769652994
"month10",-2.089945976399264,0.12065307615250706,-17.321945225478917,3.213102609204181e-67,-2.3396162820019195,-1.8392731206363255
"month11",-1.2958705339322496,0.11257457385278019,-11.511218648954683,1.1582990514702392e-30,-1.5238399451464104,-1.0685681818110537
"month12",-0.12499747159902574,0.11120238274272924,-1.1240538962929594,0.2609901622095324,-0.35381980984210676,0.1028525106600184
"pop_density_new",1.2726445569408626,0.2742733870527804,4.640058485499209,3.4831058733555554e-6,0.7536024811975539,1.839100554383607
"P0020002",22.104903112003353,2.902198117763256,7.616607211171288,2.6043028850216366e-14,16.443575522124213,27.78962360072117
"P0020003",583.5211082438852,95.5149712457399,6.109210950214374,1.0012491521973701e-9,397.4770168379806,771.9365084105691
"P0020005",-313.41291109564366,51.359305210993654,-6.102358858011896,1.0451439076793893e-9,-414.21502356200165,-213.86632261495416
"P0020006",-101.08749380578082,15.834707398694055,-6.383919276848644,1.7261210520981522e-10,-132.20506106282127,-70.38693421333035
"P0020007",0.44609144271486384,0.7874539360382654,0.5664984607978218,0.5710549789827517,-1.2091036744540673,2.1014186538096467
"P0020008",-167.91927608853734,27.78181117891505,-6.04421630422639,1.5013797752987441e-9,-222.8173531574792,-113.78225787386398
"P0020009",-2.316121304229544,0.9491984479982484,-2.4400812170668638,0.014683960219004219,-4.204093863084891,-0.43828411132211903
"P0020010",-16.96506599333063,5.2924386307858065,-3.2055290910027434,0.0013481441852049426,-27.628814262597913,-6.097272825975597
